Worldcraft Command Seque
nces.....L>....Default.c
al" 1..."$basetexture" "
Decals/decal_paintsplatt
erpink001"..."$decalscal
e" 0.25..."$translucent"
 1..."$model" 1..}......
...........cmd0123456789
012345678901234567890123
456789012345678901234567
890123456789012345678901
234567890123456789012345
678901234567890123456789
012345678901234567890123
456789012345678901234567
890123456789012345678901
234567890123456789012345
678901234567890123456789
012345.params01234567890
123456789012345678901234
567890123456789012345678
901234567890123456789012
345678901234567890123456
789012345678901234567890
123456789012345678901234
567890123456789012345678
901234567890123456789012
345678901234567890123456
789012345678901234567890
12.........post012345678
901234567890123456789012
345678901234567890123456
789012345678901234567890
123456789012345678901234
567890123456789012345678
901234567890123456789012
345678901234567890123456
789012345678901234567890
123456789012345678901234
567890123456789012345678
901234.........Config Na
me 1 0123456789012345678
901234567890123456789012
345678901234567890123456
789012345678901234567890
12345678901234567890123.
...........Command 01234
567890123456789012345678
901234567890123456789012
345678901234567890123456
789012345678901234567890
123456789012345678901234
567890123456789012345678
901234567890123456789012
345678901234567890123456
789012345678901234567890
123456789012345678901234
567890.Params 0123456789
012345678901234567890123
456789012345678901234567
890123456789012345678901
234567890123456789012345
678901234567890123456789
012345678901234567890123
456789012345678901234567
890123456789012345678901
234567890123456789012345
678901234567890123456789
01.........Post 01234567
890123456789012345678901
234567890123456789012345
678901234567890123456789
012345678901234567890123
456789012345678901234567
890123456789012345678901
234567890123456789012345
678901234567890123456789
012345678901234567890123
456789012345678901234567
890123.................C
ommand 2 012345678901234
567890123456789012345678
901234567890123456789012
345678901234567890123456
789012345678901234567890
123456789012345678901234
567890123456789012345678
901234567890123456789012
345678901234567890123456
789012345678901234567890
123456789012345678.Param
s 2 01234567890123456789
012345678901234567890123
456789012345678901234567
890123456789012345678901
234567890123456789012345
678901234567890123456789
012345678901234567890123
456789012345678901234567
890123456789012345678901
234567890123456789012345
67890123456789.........P
ost 2 012345678901234567
890123456789012345678901
234567890123456789012345
678901234567890123456789
012345678901234567890123
456789012345678901234567
890123456789012345678901
234567890123456789012345
678901234567890123456789
012345678901234567890123
456789012345678901......
...Config Name 2 0123456
789012345678901234567890
123456789012345678901234
567890123456789012345678
901234567890123456789012
34567890123............C
ommand 01234567890123456
789012345678901234567890
123456789012345678901234
567890123456789012345678
901234567890123456789012
345678901234567890123456
789012345678901234567890
123456789012345678901234
567890123456789012345678
901234567890123456789012
345678901234567890.Param
s 0123456789012345678901
234567890123456789012345
678901234567890123456789
012345678901234567890123
456789012345678901234567
890123456789012345678901
234567890123456789012345
678901234567890123456789
012345678901234567890123
456789012345678901234567
89012345678901.........P
ost 01234567890123456789
012345678901234567890123
456789012345678901234567
890123456789012345678901
234567890123456789012345
678901234567890123456789
012345678901234567890123
456789012345678901234567
890123456789012345678901
234567890123456789012345
678901234567890123......
...........Command 2 012
345678901234567890123456
789012345678901234567890
123456789012345678901234
567890123456789012345678
901234567890123456789012
345678901234567890123456
789012345678901234567890
123456789012345678901234
567890123456789012345678
901234567890123456789012
345678.Argams 0123456789
012345678901234567890123
456789012345678901234567
890123456789012345678901
234567890123456789012345
678901234567890123456789
012345678901234567890123
456789012345678901234567
890123456789012345678901
234567890123456789012345
678901234567890123456789
01.........Poast 0123456
789012345678901234567890
123456789012345678901234
567890123456789012345678
901234567890123456789012
345678901234567890123456
789012345678901234567890
123456789012345678901234
567890123456789012345678
901234567890123456789012
345678901234567890123456
789012.........
